----------------------------------------------------------------------------------------------------------------------------------------------------------------------------------------------------------------------
 Metodos Ordenacao |                     Arquivo Ordenado                      |                      Arquivo em Ordem Reversa                     |                        Arquivo Randomico                        |
                   |-----------------------------------------------------------|-------------------------------------------------------------------|-----------------------------------------------------------------|
                   | Comp.Prog. | Comp.Equa. |  Mov.Prog | Mov.Equa. |  Tempo  |  Comp.Prog.  |  Comp.Equa.  |   Mov.Prog  |  Mov.Equa.  |  Tempo  |  Comp.Prog.  |  Comp.Equa.  |   Mov.Prog |  Mov.Equa. |  Tempo  |
-------------------|-----------------------------------------------------------|-------------------------------------------------------------------|-----------------------------------------------------------------|
Inser. direta      |         0  |127,000000  |        0  |381,000000 |      0  |        8128  | 4127,000000  |       8255  |8382,000000  |     31  |        4509  | 4127,000000  |      4633  |4381,000000  |     18  |
-------------------|-----------------------------------------------------------|-------------------------------------------------------------------|-----------------------------------------------------------------|
Inser. binaria     |      1425  |127,000000  |        0  |381,000000 |      1  |        9437  | 4127,000000  |       8255  |8382,000000  |     32  |        5832  | 4127,000000  |      4667  |4381,000000  |     19  |
-------------------|-----------------------------------------------------------|-------------------------------------------------------------------|-----------------------------------------------------------------|
Selecao direta     |      8128  |127,000000  |      254  |381,000000 |     14  |        8128  | 4127,000000  |        254  |8382,000000  |     15  |        8128  | 4127,000000  |       254  |4381,000000  |     14  |
-------------------|-----------------------------------------------------------|-------------------------------------------------------------------|-----------------------------------------------------------------|
Bolha              |       127  |127,000000  |        0  |381,000000 |      0  |        8128  | 4127,000000  |      16256  |8382,000000  |     62  |        8127  | 4127,000000  |      9018  |4381,000000  |     46  |
-------------------|-----------------------------------------------------------|-------------------------------------------------------------------|-----------------------------------------------------------------|
Shake              |       127  |127,000000  |        0  |381,000000 |      0  |        8128  | 4127,000000  |      16256  |8382,000000  |     62  |        6750  | 4127,000000  |      9018  |4381,000000  |     42  |
-------------------|-----------------------------------------------------------|-------------------------------------------------------------------|-----------------------------------------------------------------|
Shell              |       461  |  0,000000  |      461  |  0,000000 |      2  |         769  |    0,000000  |        859  |   0,000000  |      3  |        1027  |    0,000000  |      1088  |  0,000000  |      4  |
-------------------|-----------------------------------------------------------|-------------------------------------------------------------------|-----------------------------------------------------------------|
Heap               |      8128  |  0,000000  |     1548  |  0,000000 |     30  |        8128  |    0,000000  |       1360  |   0,000000  |     30  |        8128  |    0,000000  |      1508  |  0,000000  |     30  |
-------------------|-----------------------------------------------------------|-------------------------------------------------------------------|-----------------------------------------------------------------|
Quick sem pivo rec |     16637  |  0,000000  |      508  |  0,000000 |     14  |       16701  |    0,000000  |        764  |   0,000000  |     15  |       17943  |    0,000000  |      5732  |  0,000000  |     30  |
-------------------|-----------------------------------------------------------|-------------------------------------------------------------------|-----------------------------------------------------------------|
Quick sem pivo int |      8128  |  0,000000  |      508  |  0,000000 |     14  |        8128  |    0,000000  |        764  |   0,000000  |     15  |        8128  |    0,000000  |      5732  |  0,000000  |     30  |
-------------------|-----------------------------------------------------------|-------------------------------------------------------------------|-----------------------------------------------------------------|
Quick com pivo rec |      8440  |  0,000000  |      502  |  0,000000 |      8  |        8442  |    0,000000  |        632  |   0,000000  |      8  |       14572  |    0,000000  |      4536  |  0,000000  |     24  |
-------------------|-----------------------------------------------------------|-------------------------------------------------------------------|-----------------------------------------------------------------|
Quick com pivo int |       777  |  0,000000  |      128  |  0,000000 |      1  |         784  |    0,000000  |        256  |   0,000000  |      1  |        1260  |    0,000000  |       572  |  0,000000  |      3  |
-------------------|-----------------------------------------------------------|-------------------------------------------------------------------|-----------------------------------------------------------------|
Merge 1            |       769  |  0,000000  |      896  |  0,000000 |      8  |         769  |    0,000000  |        896  |   0,000000  |      8  |         732  |    0,000000  |       896  |  0,000000  |      8  |
-------------------|-----------------------------------------------------------|-------------------------------------------------------------------|-----------------------------------------------------------------|
Merge 2 rec        |       448  |  0,000000  |     1538  |  0,000000 |      6  |         448  |    0,000000  |       1792  |   0,000000  |      7  |         730  |    0,000000  |      1668  |  0,000000  |      7  |
-------------------|-----------------------------------------------------------|-------------------------------------------------------------------|-----------------------------------------------------------------|
Merge 2 int        |       448  |  0,000000  |     1538  |  0,000000 |      6  |         448  |    0,000000  |       1792  |   0,000000  |      7  |         730  |    0,000000  |      1668  |  0,000000  |      7  |
-------------------|-----------------------------------------------------------|-------------------------------------------------------------------|-----------------------------------------------------------------|
Counting           |         0  |  0,000000  |      513  |  0,000000 |      2  |           0  |    0,000000  |        513  |   0,000000  |      2  |           0  |    0,000000  |       640  |  0,000000  |      2  |
-------------------|-----------------------------------------------------------|-------------------------------------------------------------------|-----------------------------------------------------------------|
Bucket             |       416  |  0,000000  |      260  |  0,000000 |      2  |         416  |    0,000000  |        260  |   0,000000  |     10  |         415  |    0,000000  |       260  |  0,000000  |      7  |
-------------------|-----------------------------------------------------------|-------------------------------------------------------------------|-----------------------------------------------------------------|
Radix              |       538  |  0,000000  |      768  |  0,000000 |      2  |         538  |    0,000000  |        768  |   0,000000  |      2  |         538  |    0,000000  |       768  |  0,000000  |      2  |
-------------------|-----------------------------------------------------------|-------------------------------------------------------------------|-----------------------------------------------------------------|
Comb               |      1400  |  0,000000  |        0  |  0,000000 |      4  |        1527  |    0,000000  |        328  |   0,000000  |      5  |        1781  |    0,000000  |       748  |  0,000000  |      7  |
-------------------|-----------------------------------------------------------|-------------------------------------------------------------------|-----------------------------------------------------------------|
Gnome              |       127  |  0,000000  |        0  |  0,000000 |      0  |       16256  |    0,000000  |      16256  |   0,000000  |     89  |        9140  |    0,000000  |      9018  |  0,000000  |     50  |
-------------------|-----------------------------------------------------------|-------------------------------------------------------------------|-----------------------------------------------------------------|
Tim                |      1392  |  0,000000  |      506  |  0,000000 |      3  |        1280  |    0,000000  |      16378  |   0,000000  |     64  |        1272  |    0,000000  |      9556  |  0,000000  |     38  |
----------------------------------------------------------------------------------------------------------------------------------------------------------------------------------------------------------------------